==================
test 1:
student:
5;7;6;
grader:
5;7;6;
==================
test 2:
student:
144;987;438;840;672;566;505;451;503;503;
grader:
144;987;438;840;672;566;505;451;503;503;
==================
test 3:
student:
152;1729;679;327;404;612;503;420;438;440;501;501;
grader:
152;1729;679;327;404;612;503;420;438;440;501;501;
==================
test 4:
student:
2574;1832;2553;1972;2547;2209;1976;1995;2142;2126;2073;2042;2009;2024;2014;
grader:
2574;1832;2553;1972;2547;2209;1976;1995;2142;2126;2073;2042;2009;2024;2014;
==================
test 5:
student:
18065;53012;52353;31166;32272;43788;50310;46705;48199;49544;50282;49928;49585;49665;49800;49897;49826;49891;49836;49854;49875;49865;49865;
grader:
18065;53012;52353;31166;32272;43788;50310;46705;48199;49544;50282;49928;49585;49665;49800;49897;49826;49891;49836;49854;49875;49865;49865;
==================
test 6:
student:

grader:

==================
test 7:
student:

grader:

==================
test 8:
student:

grader:

==================
test 9:
student:

grader:

==================
test 10:
student:

grader:

